0 55
0 47
0 42
0 19
0 28
1 94
1 60
1 50
1 59
1 54
1 49
1 17
1 16
2 32
2 67
2 48
2 25
2 20
2 38
2 5
2 92
3 18
3 40
3 35
3 21
3 96
3 86
3 71
4 87
4 91
4 85
4 39
4 79
4 97
4 69
5 12
5 20
5 38
6 70
6 42
6 51
6 98
6 87
6 45
6 39
6 90
6 53
7 30
7 77
7 58
7 76
7 57
7 52
7 29
7 33
7 89
7 68
7 22
7 40
8 65
8 74
8 15
8 24
9 81
9 43
9 93
9 64
9 23
9 27
9 31
9 82
10 72
10 23
10 13
10 69
11 93
11 88
11 69
11 41
11 16
11 91
12 63
12 99
12 20
12 38
12 78
13 97
13 95
13 72
13 39
14 65
14 46
14 80
14 66
14 75
15 80
15 65
16 93
16 88
16 41
16 17
16 94
17 94
17 34
17 60
17 41
17 54
17 49
18 35
18 21
18 96
18 86
18 71
18 40
19 79
19 55
19 85
19 28
20 67
20 38
20 32
20 25
21 40
21 35
21 96
21 86
21 58
21 71
22 68
22 44
22 30
22 76
22 89
22 57
22 66
22 75
22 29
22 33
23 81
23 64
23 82
23 27
23 36
23 31
24 74
25 92
25 32
25 67
25 48
26 99
26 62
26 74
26 78
27 93
27 64
27 82
27 41
27 31
27 81
27 43
28 47
28 55
29 68
29 40
29 44
29 30
29 76
29 89
29 57
29 66
29 75
29 33
30 46
30 68
30 44
30 76
30 89
30 57
30 66
30 75
30 52
30 33
31 81
31 64
31 82
31 36
32 67
32 48
32 92
33 68
33 44
33 76
33 89
33 57
33 66
33 75
33 52
34 43
34 93
34 60
34 41
34 54
35 96
35 86
35 71
36 64
37 48
37 88
39 90
39 85
39 97
39 87
39 95
40 68
40 77
40 86
40 76
40 71
40 89
40 57
40 96
41 93
41 88
41 54
41 81
41 94
41 43
42 90
42 85
42 53
42 98
42 87
43 82
43 81
43 93
44 68
44 76
44 66
45 90
45 53
45 52
45 70
45 56
45 98
45 77
45 58
46 80
46 66
46 75
46 47
46 65
47 55
48 49
48 67
48 92
49 50
49 94
51 73
51 53
51 95
51 90
51 98
51 84
51 70
51 56
52 77
52 58
52 89
52 57
52 70
53 90
53 98
53 70
53 56
53 87
53 73
54 60
54 94
56 70
56 73
56 58
57 68
57 77
57 76
57 89
57 66
57 75
58 71
58 70
58 77
59 83
59 60
60 83
60 94
61 84
61 73
62 74
62 78
62 99
64 81
64 82
65 80
66 75
66 68
66 76
67 92
68 76
68 89
69 79
69 88
69 91
70 90
70 98
71 96
71 77
71 86
72 95
73 84
74 78
74 99
75 76
75 80
76 89
77 89
78 99
79 97
79 91
79 85
81 82
81 93
85 97
85 87
85 91
86 96
87 98
87 97
87 95
87 90
88 94
90 98
91 97
93 94
95 97
