0.9
0.02
0.010374153885699955
0.5018745921487388
0.4957732931341461
0.13382952895927658
0.14211108545453854
0.21855867562607822
0.41850818051045247
0.24810116841355911
0.08405965116535008
0.3454986400504001
0.16677634653232143
0.878559085532659
0.9509640316267165
0.038748375832319826
0.699107391398761
0.5727598155694092
0.8980071182251496
0.6668989729196366
0.5478377830464816
0.7024274240680553
0.3864771696146654
0.6944386777644582
0.8248704645005481
0.46566847536726585
0.9405244095266561
0.8037397700123178
0.9833592482243325
0.1696362575837671
0.5210847114597973
0.9455174169762407
0.6495404631604762
0.8608319232256967
0.9708460120902251
0.18554168693446071
0.2431156753134085
0.8734008431011248
0.9062772769235077
0.7582779867966488
0.3469019537755197
0.46353471398405754
0.6105377408481294
0.496281717671187
0.4779740135383469
0.43555546476634577
0.8704082964265311
0.18735864706142158
0.6876740931926751
0.7035291738013881
0.9252000772711074
0.03945481767426706
0.6471167135451114
0.638053984717385
0.461697662470697
0.053059424485393025
0.03857092316235833
0.16953141420787687
0.7945478869785394
0.16260604656008082
0.1387386997795519
0.3529169532326819
0.4844984551528021
0.6977363851237776
0.801156431695686
0.2667743770719413
0.9094762092582502
0.022866949969676864
0.3751227624957739
0.1996333286482247
0.3428052291614103
0.4441122950440465
0.49813961036179266
0.41434632479962163
0.21425596288493742
0.2166397127268621
0.2323071272464986
0.7290856206264126
0.4159186670147922
0.5838981780137995
0.4943366051327067
0.4300468142111865
0.7347658170361696
0.5562164868036489
0.3026306416600065
0.970798194813456
0.22484261212330414
0.13876915695467273
0.6149324753622187
0.49192893928474624
0.1831527336532205
0.1093105151646997
0.5395755249234239
0.2892992815482438
0.10305405184612337
0.49060154817431567
0.6320916847324551
0.03796921692694821
0.5001079204417592
0.0835434299294453
0.7913182347443759
0.7580360249227713
